76
91
0
1	2	0.121	5900.000	1.051	312.634	0.196	0.200	-0.004	309.600
1	2	0.121	6700.000	1.193	1043.774	0.202	0.197	0.005	1043.900
1	1	0.121	6700.000	1.193	0.879	0.194	0.197	-0.003	0.800
1	2	0.121	6600.000	1.176	945.116	0.194	0.197	-0.003	944.900
1	1	0.121	6600.000	1.176	1.678	0.192	0.197	-0.005	1.400
1	2	0.121	6500.000	1.158	846.458	0.191	0.191	0.000	846.500
1	1	0.121	6500.000	1.158	2.478	0.189	0.191	-0.002	2.400
1	2	0.121	6450.000	1.149	797.129	0.189	0.186	0.003	797.500
1	1	0.121	6450.000	1.149	2.877	0.188	0.186	0.002	3.100
1	2	0.121	6400.000	1.140	747.800	0.189	0.180	0.009	748.900
1	1	0.121	6400.000	1.140	3.277	0.188	0.180	0.008	4.300
1	2	0.121	6350.000	1.131	699.124	0.187	0.179	0.008	700.400
1	1	0.121	6350.000	1.131	4.330	0.187	0.179	0.008	5.600
1	1	0.121	4500.000	0.801	1148.778	0.322	0.314	0.008	1149.400
1	2	0.121	4500.000	0.801	3.609	0.320	0.314	0.006	4.100
1	1	0.121	4600.000	0.819	1051.427	0.311	0.309	0.002	1051.600
1	2	0.121	4600.000	0.819	5.715	0.309	0.309	-0.001	5.700
1	1	0.121	4700.000	0.837	954.076	0.299	0.298	0.002	954.300
1	2	0.121	4700.000	0.837	7.822	0.298	0.298	0.000	7.900
1	1	0.121	4800.000	0.855	858.523	0.288	0.291	-0.004	857.900
1	2	0.121	4800.000	0.855	11.726	0.288	0.291	-0.004	11.000
1	1	0.121	4900.000	0.873	763.590	0.278	0.281	-0.003	762.900
1	2	0.121	4900.000	0.873	16.251	0.277	0.281	-0.004	15.400
1	1	0.121	5000.000	0.891	668.657	0.268	0.265	0.003	669.500
1	2	0.121	5000.000	0.891	20.776	0.268	0.265	0.002	21.500
1	1	0.121	5100.000	0.908	579.697	0.258	0.262	-0.003	578.400
1	2	0.121	5100.000	0.908	31.273	0.258	0.262	-0.004	29.900
1	1	0.121	5200.000	0.926	491.775	0.249	0.252	-0.003	490.600
1	2	0.121	5200.000	0.926	42.808	0.249	0.252	-0.003	41.600
1	1	0.121	5250.000	0.935	447.814	0.245	0.244	0.002	448.600
1	2	0.121	5250.000	0.935	48.576	0.245	0.244	0.001	49.200
1	1	0.121	5300.000	0.944	403.853	0.240	0.235	0.006	407.000
1	2	0.121	5300.000	0.944	54.343	0.240	0.235	0.005	57.400
1	1	0.121	5350.000	0.953	365.008	0.235	0.232	0.002	366.300
1	2	0.121	5350.000	0.953	65.228	0.234	0.232	0.002	66.400
1	1	0.121	5400.000	0.962	330.074	0.232	0.234	-0.002	328.900
1	2	0.121	5400.000	0.962	80.023	0.232	0.234	-0.002	78.800
1	1	0.121	5450.000	0.971	295.141	0.227	0.232	-0.004	292.000
1	2	0.121	5450.000	0.971	94.817	0.227	0.232	-0.005	91.600
1	1	0.121	5500.000	0.980	260.207	0.223	0.228	-0.004	257.000
1	2	0.121	5500.000	0.980	109.612	0.223	0.228	-0.005	106.300
1	1	0.121	5550.000	0.989	225.273	0.219	0.221	-0.001	224.300
1	2	0.121	5550.000	0.989	124.407	0.219	0.221	-0.001	123.400
1	1	0.121	5600.000	0.997	190.339	0.215	0.211	0.004	193.700
1	2	0.121	5600.000	0.997	139.202	0.215	0.211	0.004	142.500
1	1	0.121	5650.000	1.006	156.314	0.212	0.200	0.012	165.400
1	2	0.121	5650.000	1.006	154.906	0.212	0.200	0.012	164.000
1	1	0.121	5700.000	1.015	138.131	0.208	0.206	0.002	139.600
1	2	0.121	5700.000	1.015	186.452	0.208	0.206	0.002	187.900
1	1	0.121	5750.000	1.024	119.948	0.205	0.209	-0.005	116.400
1	2	0.121	5750.000	1.024	217.997	0.205	0.209	-0.005	214.400
1	1	0.121	5800.000	1.033	101.765	0.202	0.210	-0.007	96.300
1	2	0.121	5800.000	1.033	249.543	0.202	0.210	-0.007	244.100
1	1	0.121	5850.000	1.042	83.582	0.198	0.207	-0.008	77.800
1	2	0.121	5850.000	1.042	281.088	0.198	0.207	-0.008	275.300
1	1	0.121	5900.000	1.051	65.398	0.196	0.200	-0.004	62.400
1	2	0.121	6300.000	1.122	653.218	0.187	0.190	-0.003	652.600
1	1	0.121	5950.000	1.060	47.215	0.194	0.190	0.004	49.500
1	2	0.121	5950.000	1.060	344.179	0.194	0.190	0.004	346.500
1	1	0.121	6000.000	1.069	31.089	0.192	0.177	0.015	38.900
1	2	0.121	6000.000	1.069	377.782	0.192	0.177	0.015	385.600
1	1	0.121	6050.000	1.078	27.266	0.190	0.184	0.006	30.100
1	2	0.121	6050.000	1.078	423.688	0.190	0.184	0.006	426.500
1	1	0.121	6100.000	1.086	23.443	0.188	0.190	-0.001	22.900
1	2	0.121	6100.000	1.086	469.594	0.189	0.190	-0.001	469.100
1	1	0.121	6150.000	1.095	19.621	0.189	0.194	-0.005	18.000
1	2	0.121	6150.000	1.095	515.500	0.189	0.194	-0.004	514.000
1	1	0.121	6200.000	1.104	15.798	0.187	0.195	-0.008	13.200
1	2	0.121	6200.000	1.104	561.406	0.188	0.195	-0.008	558.900
1	1	0.121	6250.000	1.113	11.975	0.187	0.195	-0.008	9.900
1	2	0.121	6250.000	1.113	607.312	0.187	0.195	-0.008	605.300
1	1	0.121	6300.000	1.122	8.152	0.187	0.190	-0.003	7.500
1	2	0.197	6300.000	1.122	648.737	0.186	0.189	-0.002	647.600
1	1	0.197	6400.000	1.140	12.499	0.184	0.177	0.007	15.000
1	2	0.197	6400.000	1.140	735.535	0.185	0.177	0.008	738.200
1	1	0.197	6500.000	1.158	9.653	0.184	0.184	-0.000	9.500
1	2	0.197	6500.000	1.158	831.812	0.184	0.184	0.000	831.800
1	1	0.197	6600.000	1.176	6.808	0.184	0.188	-0.004	6.100
1	2	0.197	6600.000	1.176	928.088	0.184	0.188	-0.003	927.500
1	1	0.197	6700.000	1.193	3.962	0.185	0.185	0.000	3.900
1	2	0.197	6700.000	1.193	1024.364	0.186	0.185	0.001	1024.500
1	1	0.197	4900.000	0.873	798.256	0.269	0.271	-0.003	797.000
1	1	0.197	4800.000	0.855	888.831	0.278	0.278	0.000	888.900
1	1	0.197	5950.000	1.060	92.919	0.199	0.198	0.001	93.700
1	2	0.197	6200.000	1.104	564.596	0.189	0.195	-0.006	561.100
1	1	0.197	6200.000	1.104	39.802	0.189	0.195	-0.006	36.200
1	2	0.197	6100.000	1.086	480.455	0.192	0.193	-0.001	479.900
1	1	0.197	6100.000	1.086	54.783	0.192	0.193	-0.001	54.200
1	1	0.197	5400.000	0.962	385.666	0.233	0.233	-0.001	385.000
1	2	0.197	6050.000	1.078	438.384	0.193	0.190	0.003	440.600
1	1	0.197	6050.000	1.078	62.273	0.193	0.190	0.003	64.400
1	2	0.197	6000.000	1.069	398.998	0.197	0.189	0.008	405.500
1	1	0.197	6000.000	1.069	72.447	0.197	0.189	0.008	78.900
1	2	0.197	5950.000	1.060	369.908	0.199	0.198	0.001	370.800
1	2	0.197	4800.000	0.855	25.921	0.277	0.278	-0.000	25.800
1	2	0.197	5900.000	1.051	340.818	0.200	0.204	-0.004	337.200
1	1	0.197	5900.000	1.051	113.390	0.200	0.204	-0.004	109.800
1	2	0.197	5850.000	1.042	311.729	0.204	0.209	-0.004	307.600
1	1	0.197	5850.000	1.042	133.861	0.204	0.209	-0.004	129.800
1	2	0.197	5800.000	1.033	282.639	0.207	0.211	-0.004	279.000
1	1	0.197	5800.000	1.033	154.333	0.207	0.211	-0.004	150.700
1	2	0.197	5750.000	1.024	253.550	0.209	0.211	-0.002	251.700
1	1	0.197	5750.000	1.024	174.804	0.209	0.211	-0.002	173.000
1	2	0.197	5700.000	1.015	224.460	0.213	0.210	0.003	227.600
1	1	0.197	5700.000	1.015	195.275	0.213	0.210	0.003	198.400
1	2	0.197	5650.000	1.006	198.900	0.216	0.210	0.006	204.600
1	1	0.197	5650.000	1.006	219.276	0.216	0.210	0.006	225.100
1	2	0.197	5600.000	0.997	182.617	0.219	0.218	0.001	183.300
1	1	0.197	5600.000	0.997	252.554	0.219	0.218	0.001	253.300
1	2	0.197	5550.000	0.989	166.335	0.223	0.224	-0.001	165.200
1	1	0.197	5550.000	0.989	285.832	0.223	0.224	-0.001	284.800
1	2	0.197	5500.000	0.980	150.052	0.226	0.229	-0.003	147.000
1	1	0.197	5500.000	0.980	319.110	0.226	0.229	-0.003	316.200
1	2	0.197	5450.000	0.971	133.769	0.229	0.232	-0.003	131.200
1	2	0.197	5350.000	0.953	101.204	0.236	0.233	0.003	103.700
1	1	0.197	5450.000	0.971	352.388	0.229	0.232	-0.003	349.900
1	1	0.197	6300.000	1.122	24.822	0.186	0.189	-0.003	23.600
1	2	0.197	4900.000	0.873	34.468	0.268	0.271	-0.004	33.000
1	1	0.197	5000.000	0.891	707.682	0.264	0.261	0.003	709.200
1	2	0.197	5000.000	0.891	43.016	0.263	0.261	0.003	44.400
1	1	0.197	5100.000	0.908	622.884	0.254	0.256	-0.002	621.500
1	2	0.197	5100.000	0.908	57.340	0.254	0.256	-0.003	55.800
1	1	0.197	5200.000	0.926	540.498	0.247	0.250	-0.002	538.900
1	2	0.197	5200.000	0.926	74.075	0.247	0.250	-0.003	72.300
1	1	0.197	5300.000	0.944	458.111	0.240	0.238	0.002	459.400
1	2	0.197	5300.000	0.944	90.810	0.240	0.238	0.001	92.000
1	1	0.197	5350.000	0.953	418.944	0.236	0.233	0.003	421.600
1	2	0.197	5400.000	0.962	117.486	0.233	0.233	-0.001	116.700
1	1	0.370	5450.000	0.971	455.055	0.232	0.233	-0.001	453.900
1	2	0.370	5450.000	0.971	198.169	0.232	0.233	-0.001	196.700
1	1	0.370	5500.000	0.980	423.656	0.229	0.231	-0.002	421.500
1	2	0.370	5500.000	0.980	215.970	0.229	0.231	-0.002	213.600
1	1	0.370	5550.000	0.989	392.257	0.226	0.228	-0.002	389.900
1	2	0.370	5550.000	0.989	233.771	0.226	0.228	-0.002	231.200
1	1	0.370	5600.000	0.997	360.858	0.223	0.225	-0.002	358.300
1	2	0.370	5600.000	0.997	251.572	0.223	0.225	-0.002	248.800
1	1	0.370	5650.000	1.006	329.459	0.222	0.220	0.001	331.300
1	2	0.370	5650.000	1.006	269.373	0.221	0.220	0.001	271.100
1	1	0.370	5700.000	1.015	298.374	0.219	0.215	0.004	303.600
1	2	0.370	5700.000	1.015	287.489	0.219	0.215	0.004	292.600
1	1	0.370	5750.000	1.024	276.030	0.217	0.216	0.001	277.300
1	2	0.370	5750.000	1.024	314.345	0.216	0.216	0.001	315.400
1	1	0.370	5800.000	1.033	253.686	0.214	0.215	-0.001	252.300
1	2	0.370	5800.000	1.033	341.201	0.214	0.215	-0.001	339.600
1	1	0.370	5850.000	1.042	231.342	0.212	0.214	-0.002	228.600
1	2	0.370	5850.000	1.042	368.058	0.212	0.214	-0.002	365.200
1	1	0.370	5900.000	1.051	208.998	0.209	0.211	-0.002	206.500
1	2	0.370	5900.000	1.051	394.914	0.209	0.211	-0.002	392.300
1	1	0.370	5950.000	1.060	186.655	0.207	0.208	-0.001	185.700
1	2	0.370	5950.000	1.060	421.770	0.207	0.208	-0.001	420.700
1	1	0.370	6000.000	1.069	164.311	0.205	0.203	0.001	166.300
1	2	0.370	6000.000	1.069	448.626	0.205	0.203	0.001	450.600
1	1	0.370	6050.000	1.078	142.572	0.203	0.198	0.005	148.300
1	2	0.370	6050.000	1.078	476.088	0.203	0.198	0.004	481.700
1	2	0.370	6100.000	1.086	512.818	0.201	0.199	0.001	514.400
1	2	0.370	6150.000	1.095	549.548	0.199	0.200	-0.001	548.300
1	1	0.370	6200.000	1.104	105.162	0.196	0.199	-0.003	101.700
1	2	0.370	6200.000	1.104	586.278	0.196	0.199	-0.003	582.800
1	1	0.370	6250.000	1.113	92.692	0.195	0.198	-0.003	89.700
1	2	0.370	6250.000	1.113	623.008	0.195	0.198	-0.003	620.000
1	1	0.370	6300.000	1.122	80.222	0.193	0.195	-0.002	78.300
1	2	0.370	6300.000	1.122	659.738	0.193	0.195	-0.002	657.800
1	1	0.370	6400.000	1.140	55.282	0.190	0.186	0.004	58.900
1	2	0.370	6400.000	1.140	733.199	0.190	0.186	0.004	736.800
1	1	0.370	6500.000	1.158	43.183	0.189	0.187	0.002	45.000
1	2	0.370	6500.000	1.158	819.501	0.189	0.187	0.002	821.300
1	1	0.370	6600.000	1.176	33.705	0.186	0.188	-0.002	32.200
1	2	0.370	6600.000	1.176	908.422	0.186	0.188	-0.002	907.000
1	2	0.370	5400.000	0.962	180.368	0.234	0.234	0.001	181.100
1	2	0.370	5350.000	0.953	165.098	0.237	0.236	0.001	166.500
1	1	0.370	5350.000	0.953	520.384	0.237	0.236	0.001	522.100
1	2	0.370	5300.000	0.944	153.722	0.242	0.240	0.002	155.600
1	1	0.370	5300.000	0.944	558.209	0.242	0.240	0.002	560.400
1	2	0.370	5200.000	0.926	130.970	0.245	0.247	-0.002	128.600
1	1	0.370	6700.000	1.193	24.226	0.185	0.185	0.000	24.200
1	2	0.370	6700.000	1.193	997.344	0.186	0.185	0.000	997.400
1	1	0.370	6150.000	1.095	117.632	0.199	0.200	-0.001	116.400
1	1	0.370	5400.000	0.962	486.454	0.234	0.234	0.001	487.400
1	1	0.370	6100.000	1.086	130.102	0.201	0.199	0.001	131.700
1	1	0.370	5200.000	0.926	633.857	0.246	0.247	-0.002	631.800
1	2	0.370	5100.000	0.908	108.218	0.251	0.251	-0.001	107.700
1	1	0.370	5100.000	0.908	709.505	0.251	0.251	-0.000	709.300
1	2	0.370	5000.000	0.891	90.508	0.257	0.257	-0.001	89.800
1	1	0.370	5000.000	0.891	790.195	0.257	0.257	-0.000	789.900
1	2	0.370	4900.000	0.873	76.147	0.261	0.264	-0.004	73.100
1	1	0.370	4900.000	0.873	874.235	0.261	0.264	-0.003	871.600
1	2	0.370	4800.000	0.855	61.787	0.269	0.268	0.000	61.800
1	1	0.370	4500.000	0.801	1223.455	0.288	0.281	0.007	1226.600
1	2	0.370	4500.000	0.801	31.766	0.287	0.281	0.006	34.500
1	1	0.370	4600.000	0.819	1134.548	0.281	0.279	0.001	1135.200
1	2	0.370	4600.000	0.819	41.259	0.280	0.279	0.000	41.500
1	1	0.370	4700.000	0.837	1045.640	0.275	0.274	0.001	1046.300
1	2	0.370	4700.000	0.837	50.752	0.275	0.274	0.000	51.000
1	1	0.370	4800.000	0.855	958.275	0.269	0.268	0.001	958.700
1	2	0.600	6700.000	1.193	985.702	0.185	0.188	-0.003	982.500
1	1	0.600	6700.000	1.193	68.166	0.189	0.188	0.001	69.100
1	2	0.600	6600.000	1.176	905.320	0.188	0.191	-0.002	902.600
1	1	0.600	6600.000	1.176	85.323	0.192	0.191	0.001	86.700
1	2	0.600	6500.000	1.158	824.937	0.191	0.191	0.001	825.700
1	1	0.600	6500.000	1.158	102.479	0.195	0.191	0.004	107.400
1	2	0.600	6400.000	1.140	753.388	0.194	0.195	-0.002	751.100
1	1	0.600	6400.000	1.140	128.469	0.197	0.195	0.001	130.300
1	2	0.600	6300.000	1.122	687.307	0.198	0.201	-0.003	683.400
1	1	0.600	6300.000	1.122	159.928	0.201	0.201	0.000	160.000
1	2	0.600	6200.000	1.104	621.226	0.202	0.204	-0.002	618.300
1	2	0.600	6100.000	1.086	555.145	0.205	0.205	0.001	556.600
1	1	0.600	6100.000	1.086	222.845	0.208	0.205	0.003	228.300
1	2	0.600	6000.000	1.069	502.288	0.210	0.211	-0.001	500.100
1	1	0.600	6000.000	1.069	267.526	0.212	0.211	0.001	269.300
1	2	0.600	5900.000	1.051	451.036	0.213	0.216	-0.003	445.700
1	1	0.600	5900.000	1.051	313.814	0.215	0.216	-0.001	312.400
1	2	0.600	5800.000	1.033	399.784	0.218	0.218	-0.000	399.100
1	1	0.600	6200.000	1.104	191.386	0.204	0.204	0.001	192.400
1	2	0.600	5700.000	1.015	353.963	0.222	0.222	0.000	354.200
1	1	0.600	5700.000	1.015	411.820	0.224	0.222	0.002	415.900
1	2	0.600	5600.000	0.997	316.980	0.226	0.228	-0.002	312.900
1	1	0.600	5600.000	0.997	472.376	0.228	0.228	-0.000	472.100
1	2	0.600	5500.000	0.980	279.997	0.230	0.232	-0.002	276.600
1	1	0.600	5500.000	0.980	532.933	0.233	0.232	0.000	533.300
1	2	0.600	5400.000	0.962	243.776	0.235	0.235	-0.000	243.400
1	1	0.600	5400.000	0.962	594.251	0.237	0.235	0.002	597.600
1	1	0.600	5300.000	0.944	665.384	0.242	0.242	-0.000	665.200
1	2	0.600	5200.000	0.926	190.964	0.246	0.247	-0.001	189.500
1	1	0.600	5200.000	0.926	736.517	0.248	0.247	0.002	738.700
1	2	0.600	5000.000	0.891	145.172	0.253	0.256	-0.003	141.300
1	1	0.600	5000.000	0.891	885.804	0.256	0.256	-0.000	885.500
1	2	0.600	4800.000	0.855	107.144	0.263	0.264	-0.001	105.700
1	1	0.600	4800.000	0.855	1042.855	0.266	0.264	0.002	1044.900
1	2	0.600	4600.000	0.819	77.587	0.273	0.272	0.001	78.100
1	1	0.600	4600.000	0.819	1208.377	0.277	0.272	0.004	1212.400
1	1	0.600	5800.000	1.033	360.101	0.220	0.218	0.002	363.200
1	2	0.600	5300.000	0.944	217.370	0.239	0.242	-0.003	213.500
1	2	0.868	6300.000	1.122	716.038	0.207	0.208	-0.001	713.700
1	1	0.868	6300.000	1.122	260.205	0.207	0.208	-0.001	257.800
1	2	0.868	6200.000	1.104	654.443	0.211	0.210	0.001	656.200
1	1	0.868	6200.000	1.104	295.041	0.211	0.210	0.001	296.900
1	2	0.868	6100.000	1.086	598.377	0.215	0.213	0.002	601.500
1	1	0.868	6100.000	1.086	335.408	0.215	0.213	0.002	338.600
1	2	0.868	6000.000	1.069	548.823	0.217	0.218	-0.001	546.300
1	1	0.868	6000.000	1.069	382.287	0.217	0.218	-0.001	379.800
1	2	0.868	5900.000	1.051	499.269	0.220	0.221	-0.001	496.800
1	1	0.868	5900.000	1.051	429.166	0.220	0.221	-0.001	426.800
1	2	0.868	5800.000	1.033	449.715	0.224	0.222	0.001	452.100
1	1	0.868	5800.000	1.033	476.045	0.224	0.222	0.001	478.500
1	2	0.868	5700.000	1.015	411.220	0.227	0.228	-0.001	409.900
1	2	0.868	6400.000	1.140	777.634	0.206	0.205	0.000	778.500
1	2	0.868	5600.000	0.997	373.745	0.231	0.233	-0.002	369.800
1	1	0.868	5600.000	0.997	592.940	0.231	0.233	-0.002	589.100
1	2	0.868	5500.000	0.980	336.271	0.236	0.236	0.001	337.600
1	1	0.868	5500.000	0.980	651.898	0.237	0.236	0.001	653.400
1	2	0.868	5400.000	0.962	303.384	0.242	0.240	0.002	306.500
1	1	0.868	5400.000	0.962	715.444	0.242	0.240	0.002	718.700
1	2	0.868	5200.000	0.926	244.364	0.247	0.248	-0.001	242.900
1	1	0.868	5200.000	0.926	849.289	0.247	0.248	-0.001	848.000
1	2	0.868	5000.000	0.891	195.084	0.254	0.256	-0.002	191.200
1	1	0.868	5000.000	0.891	992.874	0.254	0.256	-0.002	989.300
1	2	0.868	4800.000	0.855	151.860	0.263	0.263	0.000	152.600
1	1	0.868	4800.000	0.855	1142.515	0.264	0.263	0.001	1143.500
1	2	0.868	4600.000	0.819	115.813	0.273	0.269	0.004	120.300
1	1	0.868	4600.000	0.819	1299.334	0.273	0.269	0.004	1304.100
1	1	0.868	6400.000	1.140	225.368	0.205	0.205	0.000	226.200
1	1	0.868	5700.000	1.015	533.982	0.227	0.228	-0.001	532.800
1	1	0.868	6600.000	1.176	165.900	0.198	0.199	-0.001	165.000
1	2	0.868	6600.000	1.176	911.032	0.199	0.199	-0.000	910.200
 
0.000745	0.006717	0.000087	0.000056

