158

0.000000

0.040000
0.083333
0.120548
0.166667
0.197260
0.250000
0.333333
0.369977
0.416667
0.500000
0.600114
0.666667
0.750000
0.833333
0.868493
0.916667
1.000000
1.083333
1.166667
1.250000
1.333333
1.416667
1.500000
1.583333
1.666667
1.750000
1.833333
1.916667
2.000000
2.083333
2.166667
2.250000
2.333333
2.416667
2.500000
2.583333
2.666667
2.750000
2.833333
2.916667
3.000000
3.083333
3.166667
3.250000
3.333333
3.416667
3.500000
3.583333
3.666667
3.750000
3.833333
3.916667
4.000000
4.083333
4.166667
4.250000
4.333333
4.416667
4.500000
4.583333
4.666667
4.750000
4.833333
4.916667
5.000000
5.083333
5.166667
5.250000
5.333333
5.416667
5.500000
5.583333
5.666667
5.750000
5.833333
5.916667
6.000000
6.083333
6.166667
6.250000
6.333333
6.416667
6.500000
6.583333
6.666667
6.750000
6.833333
6.916667
7.000000
7.083333
7.166667
7.250000
7.333333
7.416667
7.500000
7.583333
7.666667
7.750000
7.833333
7.916667
8.000000
8.083333
8.166667
8.250000
8.333333
8.416667
8.500000
8.583333
8.666667
8.750000
8.833333
8.916667
9.000000
9.083333
9.166667
9.250000
9.333333
9.416667
9.500000
9.583333
9.666667
9.750000
9.833333
9.916667
10.000000
10.083333
10.166667
10.250000
10.333333
10.416667
10.500000
10.583333
10.666667
10.750000
10.833333
10.916667
11.000000
11.083333
11.166667
11.250000
11.333333
11.416667
11.500000
11.583333
11.666667
11.750000
11.833333
11.916667
12.000000
12.083333
12.166667
12.250000
12.333333
12.416667
12.500000
12.583333
12.666667

0.045335
0.045335
0.044664
0.044664
0.043223
0.043223
0.041778
0.042098
0.042098
0.041092
0.033949
0.050264
0.039499
0.040391
0.040055
0.040055
0.039730
0.042027
0.042098
0.042169
0.042409
0.042517
0.042594
0.044126
0.044369
0.044612
0.043316
0.043419
0.043546
0.044777
0.044998
0.045195
0.045472
0.045675
0.045907
0.047091
0.047390
0.047628
0.047049
0.047300
0.047485
0.047951
0.048219
0.048414
0.048760
0.048958
0.049192
0.050908
0.051211
0.051471
0.050541
0.050789
0.051036
0.050956
0.051191
0.051425
0.051809
0.051998
0.052236
0.053945
0.054289
0.054582
0.053602
0.053907
0.054101
0.054001
0.054238
0.054416
0.055018
0.055203
0.055511
0.056908
0.057189
0.057470
0.056750
0.057002
0.057323
0.056256
0.056545
0.056765
0.056840
0.057056
0.057272
0.058843
0.059169
0.059344
0.058657
0.058964
0.059113
0.057318
0.057498
0.057678
0.058026
0.058294
0.058394
0.060395
0.060619
0.060842
0.059635
0.059828
0.060021
0.058463
0.058713
0.058778
0.059125
0.059286
0.059447
0.061271
0.061563
0.061757
0.060643
0.060814
0.060984
0.058877
0.058901
0.059133
0.059368
0.059606
0.059630
0.061507
0.061778
0.061940
0.060647
0.060898
0.061038
0.060030
0.060267
0.060389
0.060630
0.060755
0.060879
0.062449
0.062475
0.062743
0.061904
0.062160
0.062169
0.062175
0.062305
0.062436
0.062566
0.062566
0.062695
0.064798
0.064822
0.065110
0.064191
0.064332
0.064337
0.061043
0.060997
0.061227
0.061320
0.061553
0.061506
0.063886
0.064008
0.064008

-0.031340
0.001755
0.001755
0.000010
0.000010
0.001072
0.001072
0.001072
0.001625
0.001625
0.001625
-0.001213
-0.001213
-0.001213
-0.001213
0.000000
0.000000
0.000000
0.000000
0.000000
0.000000
0.000000
0.000000
0.000000
0.000000
0.000000
0.000000
0.000000
0.000000
0.000000
0.000000
0.000000
0.000000
0.000000
0.000000
0.000000
0.000000
0.000000
0.000000
0.000000
0.000000
0.000000
0.000000
0.000000
0.000000
0.000000
0.000000
0.000000
0.000000
0.000000
0.000000
0.000000
0.000000
0.000000
0.000000
0.000000
0.000000
0.000000
0.000000
0.000000
0.000000
0.000000
0.000000
0.000000
0.000000
0.000000
0.000000
0.000000
0.000000
0.000000
0.000000
0.000000
0.000000
0.000000
0.000000
0.000000
0.000000
0.000000
0.000000
0.000000
0.000000
0.000000
0.000000
0.000000
0.000000
0.000000
0.000000
0.000000
0.000000
0.000000
0.000000
0.000000
0.000000
0.000000
0.000000
0.000000
0.000000
0.000000
0.000000
0.000000
0.000000
0.000000
0.000000
0.000000
0.000000
0.000000
0.000000
0.000000
0.000000
0.000000
0.000000
0.000000
0.000000
0.000000
0.000000
0.000000
0.000000
0.000000
0.000000
0.000000
0.000000
0.000000
0.000000
0.000000
0.000000
0.000000
0.000000
0.000000
0.000000
0.000000
0.000000
0.000000
0.000000
0.000000
0.000000
0.000000
0.000000
0.000000
0.000000
0.000000
0.000000
0.000000
0.000000
0.000000
0.000000
0.000000
0.000000
0.000000
0.000000
0.000000
0.000000
0.000000
0.000000
0.000000
0.000000
0.000000
0.000000
0.000000

15

157

3
3
3
3
2
4
2
3
3
3
2
4
2
4
2

0.013333
0.014444
0.012405
0.015373
0.015297
0.013185
0.041667
0.012215
0.015563
0.027778
0.050057
0.016638
0.041667
0.020833
0.017580

0.203063
0.203063
0.203063
0.203063
0.203063
0.203063
0.066065
0.203063
0.203063
0.123682
0.067123
0.203063
0.073155
0.146441
0.146441

0.050858
0.050858
0.050858
0.050858
0.050858
0.050858
0.050858
0.050858
0.050858
0.050858
0.050858
0.050858
0.050858
0.050858
0.050858

0.012134
0.012134
0.012134
0.012134
0.012134
0.012134
0.012134
0.012134
0.012134
0.013301
0.012329
0.015915
0.013437
0.026897
0.014183

0.059390

5614.510000

0.000000	1.000000	0.087339

0.013333	0.943227	0.079663
0.013333	1.000942	0.075079
0.013333	1.062189	0.048569

0.026667	0.889677	0.078531
0.026667	0.944115	0.092035
0.026667	1.001885	0.058537
0.026667	1.063189	0.039595
0.026667	1.128245	0.041705

0.040000	0.839167	0.079825
0.040000	0.890515	0.102463
0.040000	0.945004	0.086647
0.040000	1.002828	0.041349
0.040000	1.064190	0.027528
0.040000	1.129307	0.030493
0.040000	1.198408	0.041841

0.054444	0.791208	0.079981
0.054444	0.839622	0.107952
0.054444	0.890997	0.113667
0.054444	0.945517	0.069481
0.054444	1.003372	0.031012
0.054444	1.064767	0.012134
0.054444	1.129919	0.019877
0.054444	1.199058	0.034054
0.054444	1.272427	0.044101

0.068889	0.745991	0.076850
0.068889	0.791637	0.108608
0.068889	0.840077	0.130866
0.068889	0.891480	0.108320
0.068889	0.946029	0.050885
0.068889	1.003916	0.027188
0.068889	1.065344	0.012134
0.068889	1.130532	0.014414
0.068889	1.199708	0.028780
0.068889	1.273117	0.039006
0.068889	1.351018	0.045958

0.083333	0.703357	0.068710
0.083333	0.746395	0.096360
0.083333	0.792066	0.131426
0.083333	0.840532	0.142103
0.083333	0.891963	0.092651
0.083333	0.946542	0.040763
0.083333	1.004460	0.027987
0.083333	1.065922	0.016104
0.083333	1.131144	0.012563
0.083333	1.200358	0.026100
0.083333	1.273807	0.035909
0.083333	1.351750	0.042710
0.083333	1.434462	0.047651

0.095738	0.663104	0.063534
0.095738	0.703679	0.082688
0.095738	0.746736	0.111654
0.095738	0.792428	0.149539
0.095738	0.840916	0.143512
0.095738	0.892371	0.073513
0.095738	0.946974	0.039084
0.095738	1.004919	0.030280
0.095738	1.066409	0.018733
0.095738	1.131661	0.012134
0.095738	1.200907	0.024550
0.095738	1.274389	0.033726
0.095738	1.352368	0.040237
0.095738	1.435118	0.045121
0.095738	1.522931	0.048532

0.108143	0.625155	0.060152
0.108143	0.663407	0.073654
0.108143	0.704000	0.092741
0.108143	0.747078	0.119708
0.108143	0.792791	0.160387
0.108143	0.841301	0.132408
0.108143	0.892779	0.065012
0.108143	0.947407	0.044940
0.108143	1.005378	0.032309
0.108143	1.066896	0.021869
0.108143	1.132179	0.013475
0.108143	1.201456	0.024140
0.108143	1.274972	0.032355
0.108143	1.352986	0.038429
0.108143	1.435774	0.043136
0.108143	1.523628	0.046600
0.108143	1.616857	0.049085

0.120548	0.589377	0.059130
0.120548	0.625440	0.069616
0.120548	0.663710	0.083445
0.120548	0.704322	0.101116
0.120548	0.747419	0.121581
0.120548	0.793153	0.138197
0.120548	0.841685	0.122463
0.120548	0.893187	0.084612
0.120548	0.947840	0.054565
0.120548	1.005838	0.033013
0.120548	1.067384	0.023654
0.120548	1.132696	0.018805
0.120548	1.202005	0.025013
0.120548	1.275554	0.031498
0.120548	1.353604	0.036844
0.120548	1.436430	0.041207
0.120548	1.524324	0.044611
0.120548	1.617596	0.047210
0.120548	1.716575	0.049214

0.135921	0.555723	0.057416
0.135921	0.589727	0.066062
0.135921	0.625811	0.077053
0.135921	0.664104	0.090850
0.135921	0.704740	0.107175
0.135921	0.747863	0.123275
0.135921	0.793624	0.131881
0.135921	0.842185	0.121053
0.135921	0.893717	0.093174
0.135921	0.948403	0.060729
0.135921	1.006435	0.036816
0.135921	1.068017	0.027202
0.135921	1.133368	0.022115
0.135921	1.202718	0.025997
0.135921	1.276311	0.031186
0.135921	1.354408	0.035816
0.135921	1.437283	0.039778
0.135921	1.525228	0.043034
0.135921	1.618556	0.045660
0.135921	1.717594	0.047778
0.135921	1.822692	0.049503

0.151294	0.523990	0.055890
0.151294	0.556052	0.062703
0.151294	0.590077	0.071568
0.151294	0.626183	0.082782
0.151294	0.664498	0.096566
0.151294	0.705158	0.112249
0.151294	0.748306	0.126589
0.151294	0.794094	0.133140
0.151294	0.842684	0.124365
0.151294	0.894247	0.099415
0.151294	0.948966	0.066915
0.151294	1.007032	0.043489
0.151294	1.068651	0.032245
0.151294	1.134041	0.025006
0.151294	1.203432	0.026987
0.151294	1.277069	0.031196
0.151294	1.355211	0.035170
0.151294	1.438135	0.038720
0.151294	1.526133	0.041786
0.151294	1.619516	0.044385
0.151294	1.718613	0.046563
0.151294	1.823773	0.048366
0.151294	1.935368	0.049804

0.166667	0.494069	0.054620
0.166667	0.524301	0.059815
0.166667	0.556382	0.066710
0.166667	0.590427	0.075622
0.166667	0.626554	0.086908
0.166667	0.664893	0.100802
0.166667	0.705577	0.116592
0.166667	0.748750	0.131173
0.166667	0.794566	0.138446
0.166667	0.843184	0.131153
0.166667	0.894778	0.107397
0.166667	0.949529	0.076138
0.166667	1.007629	0.053294
0.166667	1.069285	0.038854
0.166667	1.134714	0.028139
0.166667	1.204146	0.028115
0.166667	1.277826	0.031429
0.166667	1.356015	0.034781
0.166667	1.438989	0.037931
0.166667	1.527039	0.040799
0.166667	1.620477	0.043350
0.166667	1.719633	0.045566
0.166667	1.824855	0.047444
0.166667	1.936516	0.048982
0.166667	2.055010	0.050157

0.181963	0.465845	0.053648
0.181963	0.494350	0.057516
0.181963	0.524599	0.062703
0.181963	0.556698	0.069487
0.181963	0.590762	0.078236
0.181963	0.626910	0.089420
0.181963	0.665271	0.103436
0.181963	0.705978	0.119816
0.181963	0.749176	0.135872
0.181963	0.795017	0.145954
0.181963	0.843664	0.141143
0.181963	0.895287	0.120055
0.181963	0.950068	0.091454
0.181963	1.008202	0.065864
0.181963	1.069893	0.045784
0.181963	1.135359	0.031443
0.181963	1.204830	0.029425
0.181963	1.278553	0.031782
0.181963	1.356786	0.034522
0.181963	1.439807	0.037308
0.181963	1.527907	0.040001
0.181963	1.621398	0.042508
0.181963	1.720610	0.044755
0.181963	1.825892	0.046709
0.181963	1.937617	0.048365
0.181963	2.056178	0.049736
0.181963	2.181994	0.050858

0.197260	0.439234	0.052691
0.197260	0.466110	0.055496
0.197260	0.494631	0.059321
0.197260	0.524897	0.064348
0.197260	0.557015	0.070844
0.197260	0.591098	0.079216
0.197260	0.627267	0.090049
0.197260	0.665649	0.103958
0.197260	0.706379	0.120842
0.197260	0.749602	0.138499
0.197260	0.795469	0.151749
0.197260	0.844143	0.153577
0.197260	0.895795	0.140497
0.197260	0.950608	0.113528
0.197260	1.008775	0.077686
0.197260	1.070501	0.048693
0.197260	1.136004	0.034233
0.197260	1.205515	0.030848
0.197260	1.279279	0.032013
0.197260	1.357557	0.034278
0.197260	1.440625	0.036833
0.197260	1.528775	0.039426
0.197260	1.622320	0.041913
0.197260	1.721588	0.044191
0.197260	1.826930	0.046209
0.197260	1.938718	0.047967
0.197260	2.057347	0.049494
0.197260	2.183234	0.050858
0.197260	2.316824	0.050858

0.210445	0.414104	0.052119
0.210445	0.439443	0.054093
0.210445	0.466332	0.056889
0.210445	0.494866	0.060581
0.210445	0.525147	0.065317
0.210445	0.557280	0.071342
0.210445	0.591379	0.079081
0.210445	0.627565	0.089218
0.210445	0.665965	0.102594
0.210445	0.706715	0.119526
0.210445	0.749958	0.138309
0.210445	0.795848	0.153961
0.210445	0.844545	0.159365
0.210445	0.896222	0.148634
0.210445	0.951061	0.119765
0.210445	1.009255	0.079164
0.210445	1.071011	0.049011
0.210445	1.136545	0.034943
0.210445	1.206089	0.031148
0.210445	1.279888	0.031879
0.210445	1.358203	0.033916
0.210445	1.441310	0.036365
0.210445	1.529503	0.038917
0.210445	1.623092	0.041405
0.210445	1.722407	0.043717
0.210445	1.827800	0.045799
0.210445	1.939641	0.047652
0.210445	2.058326	0.049314
0.210445	2.184273	0.050858
0.210445	2.317926	0.050858
0.210445	2.459758	0.050858

0.223630	0.390412	0.051623
0.223630	0.414301	0.053066
0.223630	0.439652	0.055135
0.223630	0.466554	0.057882
0.223630	0.495102	0.061366
0.223630	0.525397	0.065692
0.223630	0.557545	0.071057
0.223630	0.591661	0.077855
0.223630	0.627864	0.086833
0.223630	0.666282	0.098997
0.223630	0.707052	0.115030
0.223630	0.750315	0.133763
0.223630	0.796226	0.150332
0.223630	0.844947	0.156951
0.223630	0.896648	0.145821
0.223630	0.951513	0.115104
0.223630	1.009735	0.073930
0.223630	1.071520	0.046836
0.223630	1.137086	0.034004
0.223630	1.206663	0.030474
0.223630	1.280497	0.031334
0.223630	1.358850	0.033410
0.223630	1.441996	0.035880
0.223630	1.530231	0.038449
0.223630	1.623864	0.040962
0.223630	1.723227	0.043315
0.223630	1.828669	0.045459
0.223630	1.940564	0.047398
0.223630	2.059305	0.049175
0.223630	2.185312	0.050858
0.223630	2.319029	0.050858
0.223630	2.460928	0.050858
0.223630	2.611510	0.050858

0.236815	0.368076	0.050858
0.236815	0.390598	0.052090
0.236815	0.414498	0.053740
0.236815	0.439861	0.055879
0.236815	0.466776	0.058547
0.236815	0.495337	0.061768
0.236815	0.525647	0.065588
0.236815	0.557810	0.070115
0.236815	0.591942	0.075634
0.236815	0.628163	0.082897
0.236815	0.666599	0.092937
0.236815	0.707388	0.106606
0.236815	0.750672	0.123275
0.236815	0.796605	0.138468
0.236815	0.845349	0.144689
0.236815	0.897075	0.133017
0.236815	0.951966	0.103186
0.236815	1.010216	0.064966
0.236815	1.072030	0.042940
0.236815	1.137627	0.031872
0.236815	1.207237	0.029089
0.236815	1.281107	0.030472
0.236815	1.359496	0.032797
0.236815	1.442683	0.035382
0.236815	1.530959	0.038011
0.236815	1.624637	0.040568
0.236815	1.724047	0.042968
0.236815	1.829540	0.045171
0.236815	1.941487	0.047189
0.236815	2.060285	0.049063
0.236815	2.186352	0.050858
0.236815	2.320133	0.050858
0.236815	2.462100	0.050858
0.236815	2.612753	0.050858
0.236815	2.772625	0.050858

0.250000	0.347017	0.050858
0.250000	0.368251	0.050858
0.250000	0.390784	0.052987
0.250000	0.414696	0.055194
0.250000	0.440070	0.057502
0.250000	0.466998	0.059867
0.250000	0.495573	0.062179
0.250000	0.525897	0.064231
0.250000	0.558076	0.065693
0.250000	0.592224	0.066065
0.250000	0.628462	0.066065
0.250000	0.666917	0.066065
0.250000	0.707725	0.066065
0.250000	0.751030	0.066065
0.250000	0.796984	0.066065
0.250000	0.845751	0.066065
0.250000	0.897502	0.066065
0.250000	0.952419	0.051352
0.250000	1.010697	0.034041
0.250000	1.072540	0.027327
0.250000	1.138168	0.023014
0.250000	1.207811	0.023532
0.250000	1.281716	0.027204
0.250000	1.360143	0.030703
0.250000	1.443369	0.033854
0.250000	1.531688	0.036753
0.250000	1.625410	0.039464
0.250000	1.724867	0.042007
0.250000	1.830410	0.044389
0.250000	1.942411	0.046630
0.250000	2.061266	0.048770
0.250000	2.187393	0.050858
0.250000	2.321237	0.050858
0.250000	2.463271	0.050858
0.250000	2.613997	0.050858
0.250000	2.773944	0.050858
0.250000	2.943679	0.050858

0.291667	0.327480	0.050858
0.291667	0.347519	0.050858
0.291667	0.368783	0.050858
0.291667	0.391348	0.053537
0.291667	0.415295	0.056218
0.291667	0.440706	0.058878
0.291667	0.467672	0.061443
0.291667	0.496289	0.063751
0.291667	0.526656	0.065491
0.291667	0.558882	0.066065
0.291667	0.593079	0.066065
0.291667	0.629369	0.066065
0.291667	0.667880	0.066065
0.291667	0.708747	0.066065
0.291667	0.752114	0.066065
0.291667	0.798136	0.066065
0.291667	0.846973	0.066065
0.291667	0.898798	0.066065
0.291667	0.953795	0.040883
0.291667	1.012157	0.031738
0.291667	1.074089	0.027815
0.291667	1.139812	0.023251
0.291667	1.209556	0.022497
0.291667	1.283568	0.026500
0.291667	1.362108	0.030181
0.291667	1.445454	0.033405
0.291667	1.533900	0.036339
0.291667	1.627758	0.039076
0.291667	1.727359	0.041651
0.291667	1.833054	0.044085
0.291667	1.945217	0.046406
0.291667	2.064243	0.048651
0.291667	2.190552	0.050858
0.291667	2.324590	0.050858
0.291667	2.466829	0.050858
0.291667	2.617772	0.050858
0.291667	2.777951	0.050858
0.291667	2.947931	0.050858
0.291667	3.128312	0.050858

0.333333	0.309043	0.050858
0.333333	0.327953	0.050858
0.333333	0.348021	0.050858
0.333333	0.369316	0.050858
0.333333	0.391914	0.053700
0.333333	0.415894	0.056554
0.333333	0.441343	0.059416
0.333333	0.468348	0.062246
0.333333	0.497006	0.064950
0.333333	0.527417	0.067374
0.333333	0.559689	0.069390
0.333333	0.593936	0.071508
0.333333	0.630278	0.074465
0.333333	0.668845	0.079115
0.333333	0.709770	0.087456
0.333333	0.753201	0.102902
0.333333	0.799288	0.116223
0.333333	0.848196	0.106259
0.333333	0.900096	0.071054
0.333333	0.955172	0.046795
0.333333	1.013618	0.037978
0.333333	1.075641	0.031991
0.333333	1.141458	0.025693
0.333333	1.211303	0.023584
0.333333	1.285421	0.027208
0.333333	1.364075	0.030600
0.333333	1.447542	0.033621
0.333333	1.536115	0.036442
0.333333	1.630109	0.039124
0.333333	1.729853	0.041670
0.333333	1.835702	0.044088
0.333333	1.948026	0.046402
0.333333	2.067224	0.048647
0.333333	2.193716	0.050858
0.333333	2.327947	0.050858
0.333333	2.470392	0.050858
0.333333	2.621553	0.050858
0.333333	2.781963	0.050858
0.333333	2.952189	0.050858
0.333333	3.132831	0.050858
0.333333	3.324525	0.050858

0.345548	0.291348	0.050858
0.345548	0.309175	0.050858
0.345548	0.328093	0.050858
0.345548	0.348169	0.050858
0.345548	0.369473	0.050858
0.345548	0.392081	0.053863
0.345548	0.416072	0.056897
0.345548	0.441531	0.059978
0.345548	0.468548	0.063106
0.345548	0.497218	0.066253
0.345548	0.527642	0.069400
0.345548	0.559928	0.072660
0.345548	0.594190	0.076576
0.345548	0.630548	0.082009
0.345548	0.669130	0.090164
0.345548	0.710074	0.103360
0.345548	0.753522	0.127290
0.345548	0.799630	0.150523
0.345548	0.848558	0.127654
0.345548	0.900481	0.074987
0.345548	0.955580	0.056723
0.345548	1.014051	0.045833
0.345548	1.076100	0.037044
0.345548	1.141946	0.028651
0.345548	1.211820	0.025001
0.345548	1.285970	0.028058
0.345548	1.364658	0.031092
0.345548	1.448160	0.033883
0.345548	1.536771	0.036559
0.345548	1.630805	0.039162
0.345548	1.730592	0.041669
0.345548	1.836486	0.044071
0.345548	1.948858	0.046383
0.345548	2.068107	0.048635
0.345548	2.194653	0.050858
0.345548	2.328941	0.050858
0.345548	2.471447	0.050858
0.345548	2.622673	0.050858
0.345548	2.783151	0.050858
0.345548	2.953450	0.050858
0.345548	3.134169	0.050858
0.345548	3.325945	0.050858
0.345548	3.529457	0.050858

0.357763	0.274666	0.050858
0.357763	0.291472	0.050858
0.357763	0.309307	0.050858
0.357763	0.328234	0.050858
0.357763	0.348318	0.050858
0.357763	0.369631	0.050858
0.357763	0.392248	0.054024
0.357763	0.416250	0.057236
0.357763	0.441720	0.060536
0.357763	0.468748	0.063961
0.357763	0.497430	0.067544
0.357763	0.527868	0.071363
0.357763	0.560167	0.075659
0.357763	0.594443	0.081007
0.357763	0.630817	0.088288
0.357763	0.669416	0.098646
0.357763	0.710377	0.113752
0.357763	0.753844	0.136536
0.357763	0.799971	0.171780
0.357763	0.848921	0.131537
0.357763	0.900865	0.082811
0.357763	0.955988	0.070427
0.357763	1.014484	0.054963
0.357763	1.076560	0.042279
0.357763	1.142433	0.031701
0.357763	1.212338	0.026683
0.357763	1.286520	0.028943
0.357763	1.365241	0.031572
0.357763	1.448778	0.034131
0.357763	1.537428	0.036652
0.357763	1.631501	0.039167
0.357763	1.731331	0.041636
0.357763	1.837270	0.044029
0.357763	1.949691	0.046349
0.357763	2.068990	0.048616
0.357763	2.195590	0.050858
0.357763	2.329936	0.050858
0.357763	2.472503	0.050858
0.357763	2.623793	0.050858
0.357763	2.784340	0.050858
0.357763	2.954711	0.050858
0.357763	3.135507	0.050858
0.357763	3.327366	0.050858
0.357763	3.530964	0.050858
0.357763	3.747021	0.050858

0.369977	0.258939	0.050858
0.369977	0.274783	0.050858
0.369977	0.291597	0.050858
0.369977	0.309439	0.050858
0.369977	0.328374	0.050858
0.369977	0.348467	0.050858
0.369977	0.369789	0.050858
0.369977	0.392416	0.054217
0.369977	0.416428	0.057642
0.369977	0.441908	0.061202
0.369977	0.468948	0.064974
0.369977	0.497643	0.069052
0.369977	0.528093	0.073599
0.369977	0.560407	0.078937
0.369977	0.594697	0.085638
0.369977	0.631086	0.094481
0.369977	0.669702	0.106229
0.369977	0.710680	0.121210
0.369977	0.754166	0.138442
0.369977	0.800313	0.152034
0.369977	0.849283	0.135822
0.369977	0.901250	0.109875
0.369977	0.956397	0.090372
0.369977	1.014918	0.068432
0.369977	1.077020	0.048090
0.369977	1.142921	0.034995
0.369977	1.212856	0.029377
0.369977	1.287069	0.029906
0.369977	1.365824	0.031993
0.369977	1.449397	0.034317
0.369977	1.538084	0.036688
0.369977	1.632198	0.039113
0.369977	1.732071	0.041547
0.369977	1.838055	0.043942
0.369977	1.950524	0.046283
0.369977	2.069874	0.048582
0.369977	2.196528	0.050858
0.369977	2.330931	0.050858
0.369977	2.473559	0.050858
0.369977	2.624913	0.050858
0.369977	2.785529	0.050858
0.369977	2.955973	0.050858
0.369977	3.136846	0.050858
0.369977	3.328787	0.050858
0.369977	3.532472	0.050858
0.369977	3.748621	0.050858
0.369977	3.977996	0.050858

0.385540	0.244139	0.050858
0.385540	0.259078	0.050858
0.385540	0.274930	0.050858
0.385540	0.291753	0.050858
0.385540	0.309605	0.050858
0.385540	0.328550	0.050858
0.385540	0.348653	0.050858
0.385540	0.369987	0.050858
0.385540	0.392626	0.054378
0.385540	0.416651	0.057978
0.385540	0.442145	0.061746
0.385540	0.469199	0.065790
0.385540	0.497909	0.070244
0.385540	0.528376	0.075312
0.385540	0.560707	0.081339
0.385540	0.595016	0.088849
0.385540	0.631424	0.098456
0.385540	0.670061	0.110494
0.385540	0.711061	0.124248
0.385540	0.754570	0.137274
0.385540	0.800742	0.144523
0.385540	0.849738	0.137717
0.385540	0.901733	0.121603
0.385540	0.956909	0.100790
0.385540	1.015461	0.075009
0.385540	1.077596	0.051040
0.385540	1.143534	0.036456
0.385540	1.213505	0.030116
0.385540	1.287759	0.030035
0.385540	1.366555	0.031929
0.385540	1.450173	0.034214
0.385540	1.538908	0.036566
0.385540	1.633073	0.038975
0.385540	1.732999	0.041411
0.385540	1.839039	0.043828
0.385540	1.951568	0.046203
0.385540	2.070983	0.048541
0.385540	2.197704	0.050858
0.385540	2.332180	0.050858
0.385540	2.474884	0.050858
0.385540	2.626319	0.050858
0.385540	2.787021	0.050858
0.385540	2.957557	0.050858
0.385540	3.138527	0.050858
0.385540	3.330570	0.050858
0.385540	3.534364	0.050858
0.385540	3.750629	0.050858
0.385540	3.980126	0.050858
0.385540	4.223666	0.050858

0.401104	0.230185	0.050858
0.401104	0.244270	0.050858
0.401104	0.259216	0.050858
0.401104	0.275078	0.050858
0.401104	0.291909	0.050858
0.401104	0.309771	0.050858
0.401104	0.328726	0.050858
0.401104	0.348840	0.050858
0.401104	0.370185	0.050858
0.401104	0.392836	0.054494
0.401104	0.416874	0.058217
0.401104	0.442382	0.062126
0.401104	0.469451	0.066345
0.401104	0.498176	0.071030
0.401104	0.528659	0.076402
0.401104	0.561007	0.082794
0.401104	0.595335	0.090664
0.401104	0.631763	0.100452
0.401104	0.670420	0.112184
0.401104	0.711442	0.124231
0.401104	0.754974	0.134447
0.401104	0.801170	0.138577
0.401104	0.850193	0.136584
0.401104	0.902216	0.124658
0.401104	0.957422	0.104203
0.401104	1.016005	0.075754
0.401104	1.078174	0.050879
0.401104	1.144146	0.035898
0.401104	1.214155	0.029302
0.401104	1.288448	0.029254
0.401104	1.367287	0.031278
0.401104	1.450950	0.033739
0.401104	1.539732	0.036238
0.401104	1.633947	0.038734
0.401104	1.733927	0.041226
0.401104	1.840024	0.043689
0.401104	1.952614	0.046111
0.401104	2.072092	0.048495
0.401104	2.198881	0.050858
0.401104	2.333429	0.050858
0.401104	2.476209	0.050858
0.401104	2.627726	0.050858
0.401104	2.788514	0.050858
0.401104	2.959141	0.050858
0.401104	3.140208	0.050858
0.401104	3.332354	0.050858
0.401104	3.536257	0.050858
0.401104	3.752638	0.050858
0.401104	3.982258	0.050858
0.401104	4.225929	0.050858
0.401104	4.484509	0.050858

0.416667	0.217029	0.050858
0.416667	0.230308	0.050858
0.416667	0.244401	0.050858
0.416667	0.259355	0.050858
0.416667	0.275225	0.050858
0.416667	0.292066	0.050858
0.416667	0.309937	0.050858
0.416667	0.328902	0.050858
0.416667	0.349027	0.050858
0.416667	0.370383	0.050858
0.416667	0.393047	0.054602
0.416667	0.417097	0.058436
0.416667	0.442619	0.062462
0.416667	0.469702	0.066808
0.416667	0.498443	0.071642
0.416667	0.528942	0.077184
0.416667	0.561308	0.083721
0.416667	0.595653	0.091583
0.416667	0.632101	0.100991
0.416667	0.670779	0.111419
0.416667	0.711823	0.121018
0.416667	0.755379	0.123682
0.416667	0.801600	0.123682
0.416667	0.850649	0.123682
0.416667	0.902699	0.123682
0.416667	0.957934	0.100205
0.416667	1.016549	0.069339
0.416667	1.078751	0.045764
0.416667	1.144759	0.031409
0.416667	1.214806	0.025538
0.416667	1.289138	0.026577
0.416667	1.368020	0.029302
0.416667	1.451727	0.032323
0.416667	1.540557	0.035296
0.416667	1.634822	0.038121
0.416667	1.734856	0.040811
0.416667	1.841010	0.043405
0.416667	1.953659	0.045931
0.416667	2.073202	0.048408
0.416667	2.200059	0.050858
0.416667	2.334679	0.050858
0.416667	2.477535	0.050858
0.416667	2.629134	0.050858
0.416667	2.790008	0.050858
0.416667	2.960726	0.050858
0.416667	3.141890	0.050858
0.416667	3.334139	0.050858
0.416667	3.538152	0.050858
0.416667	3.754648	0.050858
0.416667	3.984391	0.050858
0.416667	4.228192	0.050858
0.416667	4.486911	0.050858
0.416667	4.761461	0.050858

0.444444	0.204701	0.050858
0.444444	0.217226	0.050858
0.444444	0.230518	0.050858
0.444444	0.244624	0.050858
0.444444	0.259592	0.050858
0.444444	0.275476	0.050858
0.444444	0.292332	0.050858
0.444444	0.310220	0.050858
0.444444	0.329202	0.050858
0.444444	0.349345	0.050858
0.444444	0.370721	0.050858
0.444444	0.393405	0.054523
0.444444	0.417477	0.058260
0.444444	0.443023	0.062153
0.444444	0.470131	0.066303
0.444444	0.498897	0.070851
0.444444	0.529425	0.075981
0.444444	0.561820	0.081941
0.444444	0.596197	0.089049
0.444444	0.632677	0.097589
0.444444	0.671390	0.107519
0.444444	0.712472	0.116956
0.444444	0.756068	0.123682
0.444444	0.802331	0.123682
0.444444	0.851424	0.123682
0.444444	0.903522	0.123682
0.444444	0.958808	0.090973
0.444444	1.017477	0.056890
0.444444	1.079735	0.035928
0.444444	1.145803	0.023794
0.444444	1.215914	0.018184
0.444444	1.290314	0.022621
0.444444	1.369267	0.027138
0.444444	1.453051	0.030982
0.444444	1.541962	0.034416
0.444444	1.636313	0.037544
0.444444	1.736438	0.040437
0.444444	1.842689	0.043170
0.444444	1.955441	0.045793
0.444444	2.075093	0.048344
0.444444	2.202066	0.050858
0.444444	2.336808	0.050858
0.444444	2.479795	0.050858
0.444444	2.631531	0.050858
0.444444	2.792552	0.050858
0.444444	2.963426	0.050858
0.444444	3.144755	0.050858
0.444444	3.337180	0.050858
0.444444	3.541378	0.050858
0.444444	3.758072	0.050858
0.444444	3.988025	0.050858
0.444444	4.232048	0.050858
0.444444	4.491003	0.050858
0.444444	4.765803	0.050858
0.444444	5.057418	0.050858

0.472222	0.193074	0.050858
0.472222	0.204888	0.050858
0.472222	0.217425	0.050858
0.472222	0.230729	0.050858
0.472222	0.244847	0.050858
0.472222	0.259829	0.050858
0.472222	0.275727	0.050858
0.472222	0.292599	0.050858
0.472222	0.310503	0.050858
0.472222	0.329502	0.050858
0.472222	0.349664	0.050858
0.472222	0.371059	0.050858
0.472222	0.393764	0.054295
0.472222	0.417858	0.057771
0.472222	0.443427	0.061328
0.472222	0.470559	0.065018
0.472222	0.499352	0.068909
0.472222	0.529907	0.073100
0.472222	0.562332	0.077749
0.472222	0.596740	0.083171
0.472222	0.633254	0.089828
0.472222	0.672003	0.098005
0.472222	0.713122	0.108014
0.472222	0.756757	0.115894
0.472222	0.803062	0.123682
0.472222	0.852201	0.123682
0.472222	0.904346	0.104811
0.472222	0.959682	0.071571
0.472222	1.018404	0.044769
0.472222	1.080720	0.030133
0.472222	1.146848	0.013301
0.472222	1.217022	0.016086
0.472222	1.291491	0.021684
0.472222	1.370516	0.026641
0.472222	1.454377	0.030702
0.472222	1.543368	0.034202
0.472222	1.637806	0.037355
0.472222	1.738021	0.040292
0.472222	1.844369	0.043076
0.472222	1.957225	0.045741
0.472222	2.076985	0.048322
0.472222	2.204074	0.050858
0.472222	2.338939	0.050858
0.472222	2.482057	0.050858
0.472222	2.633931	0.050858
0.472222	2.795099	0.050858
0.472222	2.966128	0.050858
0.472222	3.147623	0.050858
0.472222	3.340223	0.050858
0.472222	3.544608	0.050858
0.472222	3.761499	0.050858
0.472222	3.991662	0.050858
0.472222	4.235908	0.050858
0.472222	4.495099	0.050858
0.472222	4.770150	0.050858
0.472222	5.062031	0.050858
0.472222	5.371772	0.050858

0.500000	0.182107	0.050858
0.500000	0.193250	0.050858
0.500000	0.205075	0.050858
0.500000	0.217623	0.050858
0.500000	0.230939	0.050858
0.500000	0.245070	0.050858
0.500000	0.260066	0.050858
0.500000	0.275979	0.050858
0.500000	0.292866	0.050858
0.500000	0.310786	0.050858
0.500000	0.329802	0.050858
0.500000	0.349983	0.050858
0.500000	0.371398	0.050858
0.500000	0.394123	0.053755
0.500000	0.418239	0.056616
0.500000	0.443831	0.059392
0.500000	0.470989	0.062008
0.500000	0.499808	0.064340
0.500000	0.530391	0.066173
0.500000	0.562845	0.067123
0.500000	0.597285	0.067123
0.500000	0.633832	0.067123
0.500000	0.672616	0.067123
0.500000	0.713772	0.067123
0.500000	0.757447	0.067123
0.500000	0.803795	0.067123
0.500000	0.852978	0.067123
0.500000	0.905171	0.059235
0.500000	0.960558	0.036687
0.500000	1.019333	0.029753
0.500000	1.081705	0.028973
0.500000	1.147894	0.025044
0.500000	1.218132	0.021065
0.500000	1.292669	0.024658
0.500000	1.371766	0.028479
0.500000	1.455703	0.032016
0.500000	1.544776	0.035210
0.500000	1.639299	0.038069
0.500000	1.739607	0.040730
0.500000	1.846051	0.043324
0.500000	1.959010	0.045877
0.500000	2.078879	0.048383
0.500000	2.206084	0.050858
0.500000	2.341072	0.050858
0.500000	2.484320	0.050858
0.500000	2.636333	0.050858
0.500000	2.797648	0.050858
0.500000	2.968834	0.050858
0.500000	3.150494	0.050858
0.500000	3.343269	0.050858
0.500000	3.547841	0.050858
0.500000	3.764930	0.050858
0.500000	3.995302	0.050858
0.500000	4.239771	0.050858
0.500000	4.499199	0.050858
0.500000	4.774500	0.050858
0.500000	5.066647	0.050858
0.500000	5.376671	0.050858
0.500000	5.705664	0.050858

0.550057	0.171831	0.050858
0.550057	0.182345	0.050858
0.550057	0.193503	0.050858
0.550057	0.205343	0.050858
0.550057	0.217908	0.050858
0.550057	0.231242	0.050858
0.550057	0.245391	0.050858
0.550057	0.260406	0.050858
0.550057	0.276340	0.050858
0.550057	0.293249	0.050858
0.550057	0.311193	0.050858
0.550057	0.330235	0.050858
0.550057	0.350441	0.050858
0.550057	0.371884	0.050858
0.550057	0.394640	0.053460
0.550057	0.418787	0.056022
0.550057	0.444413	0.058498
0.550057	0.471606	0.060836
0.550057	0.500463	0.062972
0.550057	0.531086	0.064826
0.550057	0.563582	0.066280
0.550057	0.598067	0.067123
0.550057	0.634662	0.067123
0.550057	0.673497	0.067123
0.550057	0.714708	0.067123
0.550057	0.758440	0.067123
0.550057	0.804848	0.067123
0.550057	0.854096	0.067123
0.550057	0.906357	0.045580
0.550057	0.961816	0.036287
0.550057	1.020669	0.034049
0.550057	1.083123	0.036368
0.550057	1.149398	0.032441
0.550057	1.219729	0.024418
0.550057	1.294363	0.028663
0.550057	1.373563	0.031778
0.550057	1.457610	0.034525
0.550057	1.546800	0.037071
0.550057	1.641447	0.039477
0.550057	1.741886	0.041833
0.550057	1.848470	0.044163
0.550057	1.961576	0.046439
0.550057	2.081603	0.048663
0.550057	2.208975	0.050858
0.550057	2.344140	0.050858
0.550057	2.487576	0.050858
0.550057	2.639788	0.050858
0.550057	2.801314	0.050858
0.550057	2.972724	0.050858
0.550057	3.154622	0.050858
0.550057	3.347650	0.050858
0.550057	3.552490	0.050858
0.550057	3.769863	0.050858
0.550057	4.000538	0.050858
0.550057	4.245327	0.050858
0.550057	4.505094	0.050858
0.550057	4.780756	0.050858
0.550057	5.073286	0.050858
0.550057	5.383716	0.050858
0.550057	5.713140	0.050858
0.550057	6.062722	0.050858

0.600114	0.162135	0.050858
0.600114	0.172056	0.050858
0.600114	0.182584	0.050858
0.600114	0.193757	0.050858
0.600114	0.205612	0.050858
0.600114	0.218194	0.050858
0.600114	0.231545	0.050858
0.600114	0.245713	0.050858
0.600114	0.260748	0.050858
0.600114	0.276702	0.050858
0.600114	0.293634	0.050858
0.600114	0.311601	0.050858
0.600114	0.330667	0.050858
0.600114	0.350900	0.050858
0.600114	0.372372	0.050858
0.600114	0.395157	0.053453
0.600114	0.419336	0.056013
0.600114	0.444995	0.058503
0.600114	0.472224	0.060885
0.600114	0.501119	0.063129
0.600114	0.531782	0.065214
0.600114	0.564321	0.067145
0.600114	0.598851	0.068968
0.600114	0.635494	0.070829
0.600114	0.674379	0.073126
0.600114	0.715644	0.075721
0.600114	0.759434	0.077999
0.600114	0.805903	0.078682
0.600114	0.855215	0.075620
0.600114	0.907545	0.065062
0.600114	0.963077	0.055030
0.600114	1.022006	0.046433
0.600114	1.084542	0.039511
0.600114	1.150904	0.033568
0.600114	1.221327	0.029877
0.600114	1.296059	0.031141
0.600114	1.375363	0.033296
0.600114	1.459520	0.035561
0.600114	1.548827	0.037841
0.600114	1.643598	0.040125
0.600114	1.744168	0.042374
0.600114	1.850892	0.044557
0.600114	1.964147	0.046684
0.600114	2.084331	0.048778
0.600114	2.211869	0.050858
0.600114	2.347211	0.050858
0.600114	2.490835	0.050858
0.600114	2.643247	0.050858
0.600114	2.804985	0.050858
0.600114	2.976619	0.050858
0.600114	3.158756	0.050858
0.600114	3.352037	0.050858
0.600114	3.557145	0.050858
0.600114	3.774803	0.050858
0.600114	4.005780	0.050858
0.600114	4.250889	0.050858
0.600114	4.510997	0.050858
0.600114	4.787021	0.050858
0.600114	5.079934	0.050858
0.600114	5.390770	0.050858
0.600114	5.720627	0.050858
0.600114	6.070666	0.050858
0.600114	6.442125	0.050858

0.616752	0.152897	0.050858
0.616752	0.162253	0.050858
0.616752	0.172181	0.050858
0.616752	0.182717	0.050858
0.616752	0.193897	0.050858
0.616752	0.205761	0.050858
0.616752	0.218352	0.050858
0.616752	0.231712	0.050858
0.616752	0.245891	0.050858
0.616752	0.260936	0.050858
0.616752	0.276903	0.050858
0.616752	0.293846	0.050858
0.616752	0.311826	0.050858
0.616752	0.330907	0.050858
0.616752	0.351155	0.050858
0.616752	0.372641	0.050858
0.616752	0.395443	0.053476
0.616752	0.419640	0.056065
0.616752	0.445317	0.058597
0.616752	0.472566	0.061050
0.616752	0.501482	0.063416
0.616752	0.532167	0.065720
0.616752	0.564730	0.068044
0.616752	0.599285	0.070557
0.616752	0.635954	0.073518
0.616752	0.674868	0.077164
0.616752	0.716162	0.081235
0.616752	0.759984	0.084763
0.616752	0.806486	0.086081
0.616752	0.855835	0.083519
0.616752	0.908202	0.076319
0.616752	0.963774	0.066003
0.616752	1.022747	0.053838
0.616752	1.085328	0.042384
0.616752	1.151738	0.034835
0.616752	1.222211	0.032009
0.616752	1.296997	0.032785
0.616752	1.376359	0.034597
0.616752	1.460578	0.036650
0.616752	1.549949	0.038748
0.616752	1.644789	0.040826
0.616752	1.745432	0.042868
0.616752	1.852233	0.044882
0.616752	1.965570	0.046881
0.616752	2.085841	0.048871
0.616752	2.213471	0.050858
0.616752	2.348912	0.050858
0.616752	2.492639	0.050858
0.616752	2.645162	0.050858
0.616752	2.807016	0.050858
0.616752	2.978775	0.050858
0.616752	3.161044	0.050858
0.616752	3.354465	0.050858
0.616752	3.559721	0.050858
0.616752	3.777537	0.050858
0.616752	4.008681	0.050858
0.616752	4.253969	0.050858
0.616752	4.514265	0.050858
0.616752	4.790488	0.050858
0.616752	5.083614	0.050858
0.616752	5.394675	0.050858
0.616752	5.724770	0.050858
0.616752	6.075064	0.050858
0.616752	6.446791	0.050858
0.616752	6.841264	0.050858

0.633390	0.144185	0.050858
0.633390	0.153008	0.050858
0.633390	0.162370	0.050858
0.633390	0.172306	0.050858
0.633390	0.182849	0.050858
0.633390	0.194037	0.050858
0.633390	0.205910	0.050858
0.633390	0.218510	0.050858
0.633390	0.231880	0.050858
0.633390	0.246069	0.050858
0.633390	0.261125	0.050858
0.633390	0.277103	0.050858
0.633390	0.294059	0.050858
0.633390	0.312052	0.050858
0.633390	0.331146	0.050858
0.633390	0.351409	0.050858
0.633390	0.372911	0.050858
0.633390	0.395729	0.053527
0.633390	0.419944	0.056170
0.633390	0.445640	0.058766
0.633390	0.472908	0.061300
0.633390	0.501845	0.063773
0.633390	0.532552	0.066227
0.633390	0.565139	0.068771
0.633390	0.599719	0.071607
0.633390	0.636415	0.075000
0.633390	0.675357	0.079113
0.633390	0.716681	0.083689
0.633390	0.760534	0.087687
0.633390	0.807071	0.089489
0.633390	0.856454	0.087827
0.633390	0.908860	0.082036
0.633390	0.964472	0.071743
0.633390	1.023487	0.057842
0.633390	1.086114	0.044289
0.633390	1.152572	0.035998
0.633390	1.223097	0.033431
0.633390	1.297937	0.034139
0.633390	1.377356	0.035799
0.633390	1.461636	0.037645
0.633390	1.551072	0.039501
0.633390	1.645980	0.041359
0.633390	1.746696	0.043232
0.633390	1.853575	0.045123
0.633390	1.966993	0.047027
0.633390	2.087352	0.048940
0.633390	2.215075	0.050858
0.633390	2.350613	0.050858
0.633390	2.494445	0.050858
0.633390	2.647078	0.050858
0.633390	2.809050	0.050858
0.633390	2.980933	0.050858
0.633390	3.163333	0.050858
0.633390	3.356895	0.050858
0.633390	3.562300	0.050858
0.633390	3.780273	0.050858
0.633390	4.011585	0.050858
0.633390	4.257050	0.050858
0.633390	4.517535	0.050858
0.633390	4.793958	0.050858
0.633390	5.087296	0.050858
0.633390	5.398583	0.050858
0.633390	5.728917	0.050858
0.633390	6.079464	0.050858
0.633390	6.451461	0.050858
0.633390	6.846219	0.050858
0.633390	7.265133	0.050858

0.650029	0.135970	0.050858
0.650029	0.144290	0.050858
0.650029	0.153119	0.050858
0.650029	0.162488	0.050858
0.650029	0.172431	0.050858
0.650029	0.182981	0.050858
0.650029	0.194178	0.050858
0.650029	0.206059	0.050858
0.650029	0.218668	0.050858
0.650029	0.232048	0.050858
0.650029	0.246247	0.050858
0.650029	0.261315	0.050858
0.650029	0.277304	0.050858
0.650029	0.294272	0.050858
0.650029	0.312278	0.050858
0.650029	0.331386	0.050858
0.650029	0.351664	0.050858
0.650029	0.373182	0.050858
0.650029	0.396016	0.053604
0.650029	0.420248	0.056327
0.650029	0.445963	0.059005
0.650029	0.473251	0.061622
0.650029	0.502208	0.064174
0.650029	0.532938	0.066690
0.650029	0.565548	0.069258
0.650029	0.600153	0.072042
0.650029	0.636876	0.075241
0.650029	0.675846	0.078924
0.650029	0.717200	0.083016
0.650029	0.761085	0.086659
0.650029	0.807655	0.088519
0.650029	0.857075	0.087536
0.650029	0.909518	0.082939
0.650029	0.965171	0.073726
0.650029	1.024229	0.059387
0.650029	1.086900	0.045123
0.650029	1.153407	0.036778
0.650029	1.223983	0.034421
0.650029	1.298877	0.035108
0.650029	1.378354	0.036590
0.650029	1.462694	0.038222
0.650029	1.552195	0.039919
0.650029	1.647172	0.041669
0.650029	1.747961	0.043458
0.650029	1.854917	0.045277
0.650029	1.968418	0.047121
0.650029	2.088864	0.048985
0.650029	2.216679	0.050858
0.650029	2.352316	0.050858
0.650029	2.496252	0.050858
0.650029	2.648995	0.050858
0.650029	2.811084	0.050858
0.650029	2.983092	0.050858
0.650029	3.165625	0.050858
0.650029	3.359326	0.050858
0.650029	3.564880	0.050858
0.650029	3.783012	0.050858
0.650029	4.014491	0.050858
0.650029	4.260133	0.050858
0.650029	4.520807	0.050858
0.650029	4.797431	0.050858
0.650029	5.090981	0.050858
0.650029	5.402493	0.050858
0.650029	5.733067	0.050858
0.650029	6.083868	0.050858
0.650029	6.456134	0.050858
0.650029	6.851178	0.050858
0.650029	7.270395	0.050858
0.650029	7.715264	0.050858

0.666667	0.128223	0.050858
0.666667	0.136069	0.050858
0.666667	0.144394	0.050858
0.666667	0.153230	0.050858
0.666667	0.162606	0.050858
0.666667	0.172555	0.050858
0.666667	0.183114	0.050858
0.666667	0.194319	0.050858
0.666667	0.206209	0.050858
0.666667	0.218826	0.050858
0.666667	0.232216	0.050858
0.666667	0.246425	0.050858
0.666667	0.261504	0.050858
0.666667	0.277505	0.050858
0.666667	0.294485	0.050858
0.666667	0.312505	0.050858
0.666667	0.331626	0.050858
0.666667	0.351918	0.050858
0.666667	0.373452	0.050858
0.666667	0.396303	0.053867
0.666667	0.420552	0.056851
0.666667	0.446286	0.059781
0.666667	0.473593	0.062621
0.666667	0.502572	0.065319
0.666667	0.533324	0.067814
0.666667	0.565958	0.070028
0.666667	0.600588	0.071867
0.666667	0.637337	0.073155
0.666667	0.676335	0.073155
0.666667	0.717720	0.073155
0.666667	0.761636	0.073155
0.666667	0.808240	0.073155
0.666667	0.857696	0.073155
0.666667	0.910177	0.073155
0.666667	0.965870	0.073155
0.666667	1.024971	0.057946
0.666667	1.087688	0.044325
0.666667	1.154242	0.036807
0.666667	1.224869	0.034968
0.666667	1.299818	0.035769
0.666667	1.379352	0.037185
0.666667	1.463754	0.038657
0.666667	1.553319	0.040223
0.666667	1.648366	0.041915
0.666667	1.749227	0.043669
0.666667	1.856261	0.045443
0.666667	1.969844	0.047232
0.666667	2.090377	0.049039
0.666667	2.218285	0.050858
0.666667	2.354020	0.050858
0.666667	2.498060	0.050858
0.666667	2.650914	0.050858
0.666667	2.813121	0.050858
0.666667	2.985253	0.050858
0.666667	3.167918	0.050858
0.666667	3.361759	0.050858
0.666667	3.567462	0.050858
0.666667	3.785752	0.050858
0.666667	4.017398	0.050858
0.666667	4.263219	0.050858
0.666667	4.524082	0.050858
0.666667	4.800906	0.050858
0.666667	5.094669	0.050858
0.666667	5.406407	0.050858
0.666667	5.737219	0.050858
0.666667	6.088274	0.050858
0.666667	6.460810	0.050858
0.666667	6.856141	0.050858
0.666667	7.275662	0.050858
0.666667	7.720852	0.050858
0.666667	8.193284	0.050858

0.708333	0.121001	0.050858
0.708333	0.128404	0.050858
0.708333	0.136261	0.050858
0.708333	0.144599	0.050858
0.708333	0.153447	0.050858
0.708333	0.162836	0.050858
0.708333	0.172800	0.050858
0.708333	0.183374	0.050858
0.708333	0.194594	0.050858
0.708333	0.206501	0.050858
0.708333	0.219137	0.050858
0.708333	0.232545	0.050858
0.708333	0.246775	0.050858
0.708333	0.261874	0.050858
0.708333	0.277898	0.050858
0.708333	0.294903	0.050858
0.708333	0.312947	0.050858
0.708333	0.332096	0.050858
0.708333	0.352417	0.050858
0.708333	0.373981	0.050858
0.708333	0.396865	0.054267
0.708333	0.421148	0.057667
0.708333	0.446918	0.061033
0.708333	0.474265	0.064322
0.708333	0.503284	0.067446
0.708333	0.534080	0.070238
0.708333	0.566760	0.072372
0.708333	0.601439	0.073155
0.708333	0.638241	0.073155
0.708333	0.677294	0.073155
0.708333	0.718737	0.073155
0.708333	0.762716	0.073155
0.708333	0.809386	0.073155
0.708333	0.858911	0.073155
0.708333	0.911467	0.073155
0.708333	0.967239	0.073155
0.708333	1.026424	0.054904
0.708333	1.089229	0.042290
0.708333	1.155878	0.035859
0.708333	1.226605	0.034172
0.708333	1.301660	0.035181
0.708333	1.381308	0.036688
0.708333	1.465828	0.038277
0.708333	1.555521	0.039954
0.708333	1.650702	0.041722
0.708333	1.751707	0.043531
0.708333	1.858892	0.045349
0.708333	1.972636	0.047176
0.708333	2.093340	0.049013
0.708333	2.221429	0.050858
0.708333	2.357356	0.050858
0.708333	2.501601	0.050858
0.708333	2.654671	0.050858
0.708333	2.817108	0.050858
0.708333	2.989484	0.050858
0.708333	3.172408	0.050858
0.708333	3.366524	0.050858
0.708333	3.572519	0.050858
0.708333	3.791118	0.050858
0.708333	4.023093	0.050858
0.708333	4.269262	0.050858
0.708333	4.530494	0.050858
0.708333	4.807711	0.050858
0.708333	5.101890	0.050858
0.708333	5.414070	0.050858
0.708333	5.745351	0.050858
0.708333	6.096904	0.050858
0.708333	6.469968	0.050858
0.708333	6.865859	0.050858
0.708333	7.285974	0.050858
0.708333	7.731796	0.050858
0.708333	8.204897	0.050858
0.708333	8.706947	0.050858

0.750000	0.114185	0.050858
0.750000	0.121172	0.050858
0.750000	0.128586	0.050858
0.750000	0.136455	0.050858
0.750000	0.144804	0.050858
0.750000	0.153664	0.050858
0.750000	0.163067	0.050858
0.750000	0.173045	0.050858
0.750000	0.183633	0.050858
0.750000	0.194870	0.050858
0.750000	0.206794	0.050858
0.750000	0.219447	0.050858
0.750000	0.232875	0.050858
0.750000	0.247124	0.050858
0.750000	0.262246	0.050858
0.750000	0.278292	0.050858
0.750000	0.295321	0.050858
0.750000	0.313391	0.050858
0.750000	0.332567	0.050858
0.750000	0.352917	0.050858
0.750000	0.374511	0.050858
0.750000	0.397427	0.054513
0.750000	0.421745	0.058185
0.750000	0.447552	0.061881
0.750000	0.474937	0.065594
0.750000	0.503998	0.069302
0.750000	0.534837	0.072967
0.750000	0.567563	0.076548
0.750000	0.602292	0.080105
0.750000	0.639145	0.084188
0.750000	0.678254	0.089396
0.750000	0.719756	0.095374
0.750000	0.763797	0.100608
0.750000	0.810533	0.102646
0.750000	0.860129	0.099387
0.750000	0.912759	0.089113
0.750000	0.968610	0.072841
0.750000	1.027878	0.053098
0.750000	1.090773	0.041351
0.750000	1.157517	0.035105
0.750000	1.228344	0.033656
0.750000	1.303505	0.034674
0.750000	1.383265	0.036192
0.750000	1.467906	0.037868
0.750000	1.557726	0.039661
0.750000	1.653042	0.041507
0.750000	1.754190	0.043367
0.750000	1.861527	0.045234
0.750000	1.975432	0.047106
0.750000	2.096307	0.048982
0.750000	2.224578	0.050858
0.750000	2.360698	0.050858
0.750000	2.505146	0.050858
0.750000	2.658434	0.050858
0.750000	2.821101	0.050858
0.750000	2.993722	0.050858
0.750000	3.176904	0.050858
0.750000	3.371296	0.050858
0.750000	3.577583	0.050858
0.750000	3.796491	0.050858
0.750000	4.028795	0.050858
0.750000	4.275313	0.050858
0.750000	4.536916	0.050858
0.750000	4.814525	0.050858
0.750000	5.109121	0.050858
0.750000	5.421744	0.050858
0.750000	5.753495	0.050858
0.750000	6.105546	0.050858
0.750000	6.479138	0.050858
0.750000	6.875591	0.050858
0.750000	7.296302	0.050858
0.750000	7.742755	0.050858
0.750000	8.216527	0.050858
0.750000	8.719289	0.050858
0.750000	9.252813	0.050858

0.770833	0.107664	0.050858
0.770833	0.114252	0.050858
0.770833	0.121243	0.050858
0.770833	0.128662	0.050858
0.770833	0.136535	0.050858
0.770833	0.144889	0.050858
0.770833	0.153755	0.050858
0.770833	0.163163	0.050858
0.770833	0.173147	0.050858
0.770833	0.183741	0.050858
0.770833	0.194984	0.050858
0.770833	0.206915	0.050858
0.770833	0.219576	0.050858
0.770833	0.233012	0.050858
0.770833	0.247269	0.050858
0.770833	0.262400	0.050858
0.770833	0.278455	0.050858
0.770833	0.295494	0.050858
0.770833	0.313575	0.050858
0.770833	0.332762	0.050858
0.770833	0.353124	0.050858
0.770833	0.374731	0.050858
0.770833	0.397660	0.054769
0.770833	0.421993	0.058728
0.770833	0.447814	0.062776
0.770833	0.475216	0.066948
0.770833	0.504294	0.071290
0.770833	0.535151	0.075873
0.770833	0.567896	0.080831
0.770833	0.602645	0.086448
0.770833	0.639520	0.093303
0.770833	0.678652	0.101959
0.770833	0.720178	0.111911
0.770833	0.764245	0.120175
0.770833	0.811009	0.122805
0.770833	0.860633	0.115455
0.770833	0.913295	0.097743
0.770833	0.969178	0.073326
0.770833	1.028482	0.051557
0.770833	1.091413	0.041001
0.770833	1.158196	0.034473
0.770833	1.229065	0.032945
0.770833	1.304270	0.034039
0.770833	1.384077	0.035670
0.770833	1.468767	0.037445
0.770833	1.558640	0.039306
0.770833	1.654012	0.041222
0.770833	1.755219	0.043162
0.770833	1.862619	0.045102
0.770833	1.976591	0.047031
0.770833	2.097537	0.048948
0.770833	2.225883	0.050858
0.770833	2.362083	0.050858
0.770833	2.506616	0.050858
0.770833	2.659994	0.050858
0.770833	2.822756	0.050858
0.770833	2.995478	0.050858
0.770833	3.178768	0.050858
0.770833	3.373274	0.050858
0.770833	3.579682	0.050858
0.770833	3.798719	0.050858
0.770833	4.031159	0.050858
0.770833	4.277822	0.050858
0.770833	4.539578	0.050858
0.770833	4.817350	0.050858
0.770833	5.112119	0.050858
0.770833	5.424925	0.050858
0.770833	5.756871	0.050858
0.770833	6.109128	0.050858
0.770833	6.482940	0.050858
0.770833	6.879625	0.050858
0.770833	7.300582	0.050858
0.770833	7.747298	0.050858
0.770833	8.221348	0.050858
0.770833	8.724404	0.050858
0.770833	9.258242	0.050858
0.770833	9.824745	0.050858

0.791667	0.101516	0.050858
0.791667	0.107727	0.050858
0.791667	0.114319	0.050858
0.791667	0.121314	0.050858
0.791667	0.128737	0.050858
0.791667	0.136615	0.050858
0.791667	0.144974	0.050858
0.791667	0.153845	0.050858
0.791667	0.163258	0.050858
0.791667	0.173248	0.050858
0.791667	0.183849	0.050858
0.791667	0.195099	0.050858
0.791667	0.207036	0.050858
0.791667	0.219705	0.050858
0.791667	0.233148	0.050858
0.791667	0.247414	0.050858
0.791667	0.262553	0.050858
0.791667	0.278619	0.050858
0.791667	0.295667	0.050858
0.791667	0.313759	0.050858
0.791667	0.332958	0.050858
0.791667	0.353331	0.050858
0.791667	0.374951	0.050858
0.791667	0.397894	0.055009
0.791667	0.422240	0.059236
0.791667	0.448077	0.063610
0.791667	0.475494	0.068207
0.791667	0.504589	0.073118
0.791667	0.535465	0.078481
0.791667	0.568229	0.084505
0.791667	0.602999	0.091519
0.791667	0.639896	0.100026
0.791667	0.679050	0.110753
0.791667	0.720601	0.123140
0.791667	0.764694	0.133987
0.791667	0.811484	0.135897
0.791667	0.861138	0.124920
0.791667	0.913831	0.100207
0.791667	0.969747	0.071653
0.791667	1.029085	0.049414
0.791667	1.092054	0.040723
0.791667	1.158875	0.033646
0.791667	1.229786	0.032202
0.791667	1.305035	0.033455
0.791667	1.384889	0.035145
0.791667	1.469629	0.036967
0.791667	1.559554	0.038913
0.791667	1.654982	0.040936
0.791667	1.756249	0.042971
0.791667	1.863712	0.044983
0.791667	1.977751	0.046963
0.791667	2.098767	0.048917
0.791667	2.227189	0.050858
0.791667	2.363469	0.050858
0.791667	2.508087	0.050858
0.791667	2.661554	0.050858
0.791667	2.824412	0.050858
0.791667	2.997236	0.050858
0.791667	3.180634	0.050858
0.791667	3.375253	0.050858
0.791667	3.581782	0.050858
0.791667	3.800948	0.050858
0.791667	4.033524	0.050858
0.791667	4.280332	0.050858
0.791667	4.542241	0.050858
0.791667	4.820177	0.050858
0.791667	5.115119	0.050858
0.791667	5.428108	0.050858
0.791667	5.760248	0.050858
0.791667	6.112713	0.050858
0.791667	6.486744	0.050858
0.791667	6.883661	0.050858
0.791667	7.304866	0.050858
0.791667	7.751844	0.050858
0.791667	8.226172	0.050858
0.791667	8.729523	0.050858
0.791667	9.263674	0.050858
0.791667	9.830510	0.050858
0.791667	10.432029	0.050858

0.812500	0.095718	0.050858
0.812500	0.101575	0.050858
0.812500	0.107791	0.050858
0.812500	0.114386	0.050858
0.812500	0.121385	0.050858
0.812500	0.128813	0.050858
0.812500	0.136695	0.050858
0.812500	0.145059	0.050858
0.812500	0.153935	0.050858
0.812500	0.163354	0.050858
0.812500	0.173350	0.050858
0.812500	0.183957	0.050858
0.812500	0.195213	0.050858
0.812500	0.207158	0.050858
0.812500	0.219834	0.050858
0.812500	0.233285	0.050858
0.812500	0.247560	0.050858
0.812500	0.262708	0.050858
0.812500	0.278782	0.050858
0.812500	0.295841	0.050858
0.812500	0.313943	0.050858
0.812500	0.333153	0.050858
0.812500	0.353538	0.050858
0.812500	0.375171	0.050858
0.812500	0.398127	0.055207
0.812500	0.422488	0.059651
0.812500	0.448340	0.064287
0.812500	0.475773	0.069219
0.812500	0.504885	0.074568
0.812500	0.535779	0.080498
0.812500	0.568563	0.087235
0.812500	0.603353	0.095078
0.812500	0.640271	0.104411
0.812500	0.679449	0.115724
0.812500	0.721023	0.129698
0.812500	0.765142	0.141989
0.812500	0.811961	0.144694
0.812500	0.861644	0.128348
0.812500	0.914367	0.096754
0.812500	0.970316	0.068640
0.812500	1.029689	0.046666
0.812500	1.092694	0.040713
0.812500	1.159555	0.032702
0.812500	1.230507	0.031494
0.812500	1.305801	0.032876
0.812500	1.385702	0.034590
0.812500	1.470491	0.036496
0.812500	1.560469	0.038568
0.812500	1.655953	0.040704
0.812500	1.757279	0.042822
0.812500	1.864806	0.044890
0.812500	1.978911	0.046909
0.812500	2.099999	0.048892
0.812500	2.228496	0.050858
0.812500	2.364855	0.050858
0.812500	2.509559	0.050858
0.812500	2.663116	0.050858
0.812500	2.826070	0.050858
0.812500	2.998994	0.050858
0.812500	3.182500	0.050858
0.812500	3.377234	0.050858
0.812500	3.583884	0.050858
0.812500	3.803178	0.050858
0.812500	4.035891	0.050858
0.812500	4.282843	0.050858
0.812500	4.544906	0.050858
0.812500	4.823005	0.050858
0.812500	5.118120	0.050858
0.812500	5.431293	0.050858
0.812500	5.763628	0.050858
0.812500	6.116299	0.050858
0.812500	6.490550	0.050858
0.812500	6.887700	0.050858
0.812500	7.309152	0.050858
0.812500	7.756392	0.050858
0.812500	8.230998	0.050858
0.812500	8.734645	0.050858
0.812500	9.269110	0.050858
0.812500	9.836278	0.050858
0.812500	10.438150	0.050858
0.812500	11.076851	0.050858

0.833333	0.090252	0.050858
0.833333	0.095775	0.050858
0.833333	0.101635	0.050858
0.833333	0.107854	0.050858
0.833333	0.114453	0.050858
0.833333	0.121457	0.050858
0.833333	0.128888	0.050858
0.833333	0.136775	0.050858
0.833333	0.145144	0.050858
0.833333	0.154025	0.050858
0.833333	0.163450	0.050858
0.833333	0.173451	0.050858
0.833333	0.184065	0.050858
0.833333	0.195328	0.050858
0.833333	0.207279	0.050858
0.833333	0.219963	0.050858
0.833333	0.233422	0.050858
0.833333	0.247705	0.050858
0.833333	0.262862	0.050858
0.833333	0.278946	0.050858
0.833333	0.296014	0.050858
0.833333	0.314127	0.050858
0.833333	0.333348	0.050858
0.833333	0.353746	0.050858
0.833333	0.375391	0.050858
0.833333	0.398361	0.055317
0.833333	0.422736	0.059883
0.833333	0.448603	0.064663
0.833333	0.476052	0.069776
0.833333	0.505182	0.075358
0.833333	0.536093	0.081579
0.833333	0.568896	0.088653
0.833333	0.603707	0.096835
0.833333	0.640647	0.106390
0.833333	0.679847	0.117547
0.833333	0.721447	0.130476
0.833333	0.765591	0.145342
0.833333	0.812437	0.146441
0.833333	0.862149	0.128048
0.833333	0.914903	0.088315
0.833333	0.970885	0.067401
0.833333	1.030293	0.043788
0.833333	1.093336	0.041078
0.833333	1.160236	0.031833
0.833333	1.231229	0.030953
0.833333	1.306567	0.032436
0.833333	1.386515	0.034191
0.833333	1.471354	0.036188
0.833333	1.561385	0.038362
0.833333	1.656925	0.040575
0.833333	1.758310	0.042741
0.833333	1.865900	0.044840
0.833333	1.980072	0.046880
0.833333	2.101231	0.048879
0.833333	2.229803	0.050858
0.833333	2.366243	0.050858
0.833333	2.511031	0.050858
0.833333	2.664679	0.050858
0.833333	2.827728	0.050858
0.833333	3.000754	0.050858
0.833333	3.184367	0.050858
0.833333	3.379215	0.050858
0.833333	3.585986	0.050858
0.833333	3.805409	0.050858
0.833333	4.038259	0.050858
0.833333	4.285356	0.050858
0.833333	4.547573	0.050858
0.833333	4.825834	0.050858
0.833333	5.121123	0.050858
0.833333	5.434479	0.050858
0.833333	5.767010	0.050858
0.833333	6.119888	0.050858
0.833333	6.494358	0.050858
0.833333	6.891741	0.050858
0.833333	7.313440	0.050858
0.833333	7.760943	0.050858
0.833333	8.235828	0.050858
0.833333	8.739770	0.050858
0.833333	9.274548	0.050858
0.833333	9.842049	0.050858
0.833333	10.444275	0.050858
0.833333	11.083350	0.050858
0.833333	11.761529	0.050858

0.850913	0.085099	0.050858
0.850913	0.090306	0.050858
0.850913	0.095832	0.050858
0.850913	0.101696	0.050858
0.850913	0.107919	0.050858
0.850913	0.114522	0.050858
0.850913	0.121530	0.050858
0.850913	0.128966	0.050858
0.850913	0.136857	0.050858
0.850913	0.145231	0.050858
0.850913	0.154118	0.050858
0.850913	0.163548	0.050858
0.850913	0.173556	0.050858
0.850913	0.184175	0.050858
0.850913	0.195445	0.050858
0.850913	0.207404	0.050858
0.850913	0.220095	0.050858
0.850913	0.233562	0.050858
0.850913	0.247854	0.050858
0.850913	0.263020	0.050858
0.850913	0.279114	0.050858
0.850913	0.296192	0.050858
0.850913	0.314316	0.050858
0.850913	0.333549	0.050858
0.850913	0.353958	0.050858
0.850913	0.375617	0.050858
0.850913	0.398600	0.055376
0.850913	0.422990	0.060004
0.850913	0.448873	0.064858
0.850913	0.476339	0.070063
0.850913	0.505485	0.075762
0.850913	0.536415	0.082123
0.850913	0.569238	0.089352
0.850913	0.604069	0.097669
0.850913	0.641032	0.107247
0.850913	0.680256	0.118104
0.850913	0.721880	0.129843
0.850913	0.766051	0.140910
0.850913	0.812925	0.146441
0.850913	0.862667	0.120211
0.850913	0.915453	0.080065
0.850913	0.971469	0.068585
0.850913	1.030912	0.040581
0.850913	1.093993	0.041838
0.850913	1.160933	0.030993
0.850913	1.231969	0.030623
0.850913	1.307352	0.032190
0.850913	1.387348	0.033976
0.850913	1.472239	0.036030
0.850913	1.562323	0.038259
0.850913	1.657920	0.040510
0.850913	1.759367	0.042700
0.850913	1.867021	0.044814
0.850913	1.981262	0.046865
0.850913	2.102494	0.048872
0.850913	2.231143	0.050858
0.850913	2.367665	0.050858
0.850913	2.512540	0.050858
0.850913	2.666280	0.050858
0.850913	2.829427	0.050858
0.850913	3.002557	0.050858
0.850913	3.186281	0.050858
0.850913	3.381246	0.050858
0.850913	3.588141	0.050858
0.850913	3.807696	0.050858
0.850913	4.040686	0.050858
0.850913	4.287931	0.050858
0.850913	4.550306	0.050858
0.850913	4.828735	0.050858
0.850913	5.124200	0.050858
0.850913	5.437745	0.050858
0.850913	5.770476	0.050858
0.850913	6.123566	0.050858
0.850913	6.498261	0.050858
0.850913	6.895883	0.050858
0.850913	7.317836	0.050858
0.850913	7.765607	0.050858
0.850913	8.240777	0.050858
0.850913	8.745023	0.050858
0.850913	9.280122	0.050858
0.850913	9.847964	0.050858
0.850913	10.450551	0.050858
0.850913	11.090011	0.050858
0.850913	11.768598	0.050858
0.850913	12.488707	0.050858

